[0, 4, 0, -3]
[1, 1, 5, 2]
[1, -2, 0, 6]
[3, 0, 0, 1]

[1, 2, 3, 4]
[-1, -2, -3, -4]
[7, 8, 9, 0]
[-7, -8, -9, -6]

[11, 22, 33]
[44, 55, 66]
[77, 88, 99]

[34, 12, 67, 34]
[8, 23, 87, 23]
[45, 12, 56, 34]
[13, 31, 354, 65]

[9, 9, 9, 9, 9]
[9, 9, 9, 9, 9]
[9, 9, 9, 9, 9]
[9, 9, 9, 9, 9]
[9, 9, 9, 9, 9]

---------------------------------------
[11, 22, 33]
[44, 55, 66]
[77, 88, 99]

[0, 4, 0, -3]
[1, 1, 5, 2]
[1, -2, 0, 6]
[3, 0, 0, 1]

[1, 2, 3, 4]
[-1, -2, -3, -4]
[7, 8, 9, 0]
[-7, -8, -9, -6]

[34, 12, 67, 34]
[8, 23, 87, 23]
[45, 12, 56, 34]
[13, 31, 354, 65]

[9, 9, 9, 9, 9]
[9, 9, 9, 9, 9]
[9, 9, 9, 9, 9]
[9, 9, 9, 9, 9]
[9, 9, 9, 9, 9]

---------------------------------------
[0, 4, 0, -3]
[1, 1, 5, 2]
[1, -2, 0, 6]
[3, 0, 0, 1]

[1, 2, 3, 4]
[-1, -2, -3, -4]
[7, 8, 9, 0]
[-7, -8, -9, -6]

[9, 9, 9, 9, 9]
[9, 9, 9, 9, 9]
[9, 9, 9, 9, 9]
[9, 9, 9, 9, 9]
[9, 9, 9, 9, 9]

[11, 22, 33]
[44, 55, 66]
[77, 88, 99]

[34, 12, 67, 34]
[8, 23, 87, 23]
[45, 12, 56, 34]
[13, 31, 354, 65]

---------------------------------------
[0, 4, 0, -3]
[1, 1, 5, 2]
[1, -2, 0, 6]
[3, 0, 0, 1]

[1, 2, 3, 4]
[-1, -2, -3, -4]
[7, 8, 9, 0]
[-7, -8, -9, -6]

[9, 9, 9, 9, 9]
[9, 9, 9, 9, 9]
[9, 9, 9, 9, 9]
[9, 9, 9, 9, 9]
[9, 9, 9, 9, 9]

[11, 22, 33]
[44, 55, 66]
[77, 88, 99]

[34, 12, 67, 34]
[8, 23, 87, 23]
[45, 12, 56, 34]
[13, 31, 354, 65]

